Año España Inglaterra USA Zona-Euro
2022 5,70 10,50 6,50 9,20
2021 6,50 5,40 7,00 5,00
2020 -0,50 0,60 1,40 -0,30
2019 0,80 1,30 2,30 1,30
2018 1,20 2,10 1,90 1,50
2017 1,10 2,90 2,10 1,30
2016 1,60 1,60 2,10 1,10
2015 0,00 0,23 0,70 0,20
2014 -1,00 0,55 0,80 -0,20
2013 0,30 2,00 1,50 0,80
2012 2,90 2,71 1,70 2,20
2011 2,40 4,20 3,00 2,80
2010 3,00 3,73 1,50 2,20
2009 0,80 2,83 2,70 0,90
2008 1,40 3,11 0,10 1,60
2007 4,20 2,12 4,10 3,10
2006 2,70 2,97 2,50 1,90
2005 3,70 1,92 3,40 2,20
2004 3,20 1,64 3,30 2,40
2003 2,60 1,25 1,90 2,00
2002 4,00 1,69 2,40 2,30
2001 2,70 1,07 1,60 2,10
2000 4,00 0,75 3,40 2,50
1999 2,90 1,20 2,70 1,70
1998 1,40 1,55 1,60 0,80
1997 2,00 1,69 1,70 1,50
1996 3,20 2,30 3,30 1,90
1995 4,30 2,96 2,50 2,40
1994 4,30 2,05 2,70 2,60
1993 4,90 2,48 2,70 3,20
1992 5,30 2,54 2,90 3,20
1991 5,50 7,21 3,10 4,10
1990 6,50 7,61 6,10 3,90
1989 6,90 5,40 4,60 4,50
1988 5,80 4,68 4,40 3,40
1987 4,60 3,69 4,40 2,90
1986 8,30 3,72 1,10 2,10
1985 8,20 5,69 3,80 5,00
1984 9,00 4,58 3,90 6,00
1983 12,20 5,31 3,80 8,10
1982 14,00 5,41 3,80 9,50
1981 14,40 12,05 8,90 12,00
1980 15,20 15,12 12,50 12,10
1979 15,60 17,24 13,30 10,90
1978 16,50 8,39 9,00 8,00
1977 26,40 12,14 6,70 9,90
1976 19,80 15,07 4,90 11,40
1975 14,10 24,89 6,90 9,50
1974 17,90 19,16 12,30 14,30
1973 14,20 10,60 8,70 10,10
1972 7,30 7,65 3,40 7,00
1971 9,60 8,99 3,30 6,30
1970 6,80 7,85 5,60 5,00
1969 3,40 4,78 6,20 3,90
1968 2,90 5,85 4,70 2,80
1967 6,60 2,43 3,00 2,70
1966 5,30 3,70 3,50 2,90
1965 9,40 4,57 1,90 4,10
